; Reachability graph file. Generated by VPNP
; Generated from C:\Users\Student_2\Desktop\mmclab3pavel\dima2.pn2 - Visual Petri Net+ -  Release v2.4 Petri net file.
Totally found markings number = 25
PositionsList: p1;p2;p3;p4;p5;p6;p7;
M0 = [12,0,0,0,0,0,1] [t1,t2,t4>M1;t1,t2,t5>M2;\\0.230769230769231;0.769230769230769;
M1 = [11,0,1,0,0,0,0] [t1>M3;t3,t7>M0;\\1;1;
M2 = [11,0,0,0,1,0,0] [t1>M4;t6,t7>M0;\\1;1;
M3 = [10,1,1,0,0,0,0] [t1>M5;t3,t7,t2,t4>M1;t3,t7,t2,t5>M2;\\1;0.230769230769231;0.769230769230769;
M4 = [10,1,0,0,1,0,0] [t1>M6;t6,t7,t2,t4>M1;t6,t7,t2,t5>M2;\\1;0.230769230769231;0.769230769230769;
M5 = [9,2,1,0,0,0,0] [t1>M7;t3,t7,t2,t4>M3;t3,t7,t2,t5>M4;\\1;0.230769230769231;0.769230769230769;
M6 = [9,2,0,0,1,0,0] [t1>M8;t6,t7,t2,t4>M3;t6,t7,t2,t5>M4;\\1;0.230769230769231;0.769230769230769;
M7 = [8,3,1,0,0,0,0] [t1>M9;t3,t7,t2,t4>M5;t3,t7,t2,t5>M6;\\1;0.230769230769231;0.769230769230769;
M8 = [8,3,0,0,1,0,0] [t1>M10;t6,t7,t2,t4>M5;t6,t7,t2,t5>M6;\\1;0.230769230769231;0.769230769230769;
M9 = [7,4,1,0,0,0,0] [t1>M11;t3,t7,t2,t4>M7;t3,t7,t2,t5>M8;\\1;0.230769230769231;0.769230769230769;
M10 = [7,4,0,0,1,0,0] [t1>M12;t6,t7,t2,t4>M7;t6,t7,t2,t5>M8;\\1;0.230769230769231;0.769230769230769;
M11 = [6,5,1,0,0,0,0] [t1>M13;t3,t7,t2,t4>M9;t3,t7,t2,t5>M10;\\1;0.230769230769231;0.769230769230769;
M12 = [6,5,0,0,1,0,0] [t1>M14;t6,t7,t2,t4>M9;t6,t7,t2,t5>M10;\\1;0.230769230769231;0.769230769230769;
M13 = [5,6,1,0,0,0,0] [t1>M15;t3,t7,t2,t4>M11;t3,t7,t2,t5>M12;\\1;0.230769230769231;0.769230769230769;
M14 = [5,6,0,0,1,0,0] [t1>M16;t6,t7,t2,t4>M11;t6,t7,t2,t5>M12;\\1;0.230769230769231;0.769230769230769;
M15 = [4,7,1,0,0,0,0] [t1>M17;t3,t7,t2,t4>M13;t3,t7,t2,t5>M14;\\1;0.230769230769231;0.769230769230769;
M16 = [4,7,0,0,1,0,0] [t1>M18;t6,t7,t2,t4>M13;t6,t7,t2,t5>M14;\\1;0.230769230769231;0.769230769230769;
M17 = [3,8,1,0,0,0,0] [t1>M19;t3,t7,t2,t4>M15;t3,t7,t2,t5>M16;\\1;0.230769230769231;0.769230769230769;
M18 = [3,8,0,0,1,0,0] [t1>M20;t6,t7,t2,t4>M15;t6,t7,t2,t5>M16;\\1;0.230769230769231;0.769230769230769;
M19 = [2,9,1,0,0,0,0] [t1>M21;t3,t7,t2,t4>M17;t3,t7,t2,t5>M18;\\1;0.230769230769231;0.769230769230769;
M20 = [2,9,0,0,1,0,0] [t1>M22;t6,t7,t2,t4>M17;t6,t7,t2,t5>M18;\\1;0.230769230769231;0.769230769230769;
M21 = [1,10,1,0,0,0,0] [t1>M23;t3,t7,t2,t4>M19;t3,t7,t2,t5>M20;\\1;0.230769230769231;0.769230769230769;
M22 = [1,10,0,0,1,0,0] [t1>M24;t6,t7,t2,t4>M19;t6,t7,t2,t5>M20;\\1;0.230769230769231;0.769230769230769;
M23 = [0,11,1,0,0,0,0] [t3,t7,t2,t4>M21;t3,t7,t2,t5>M22;\\0.230769230769231;0.769230769230769;
M24 = [0,11,0,0,1,0,0] [t6,t7,t2,t4>M21;t6,t7,t2,t5>M22;\\0.230769230769231;0.769230769230769;

